mtSNP pos af mcc concodance a0 a1 exp_freq_a1 info certainty type info_type0 concord_type0 r2_type0 info_comb himc info.cat
mt72 72 0.00868192580899763 0.798408276959809 0.996448303078137 T C 0.009 0.593 0.995 0 -1 -1 -1 0.593 no (0.5,0.75]
mt73 73 0.87292817679558 0.908958321140522 0.977111286503552 A G 0.841 0.826 0.969 0 -1 -1 -1 0.826 no (0.75,1]
mt93 93 0.0501183898973954 0.42354956029297 0.952644041041831 A G 0.049 0.665 0.982 0 -1 -1 -1 0.665 no (0.5,0.75]
mt143 143 0.0441988950276243 0.487429719497751 0.965666929755328 G A 0.037 0.427 0.974 0 -1 -1 -1 0.427 no (0.25,0.5]
mt146 146 0.216653512233623 1 0.998816101026046 T C 0.215 0.998 0.999 2 0.707 0.912 0.616 0.707 no (0.75,1]
mt153 153 0.0469613259668508 0.841067597928906 0.984609313338595 A G 0.057 0.843 0.99 0 -1 -1 -1 0.843 no (0.75,1]
mt185 185 0.101420678768745 1 0.968823993685872 G A 0.053 0.845 0.984 2 0.747 0.988 0.68 0.747 no (0.75,1]
mt186 186 0.0197316495659037 0.95499589709133 0.997237569060773 C A 0.018 0.973 0.999 0 -1 -1 -1 0.973 no (0.75,1]
mt188 188 0.00670876085240726 1 1 A G 0.007 1 1 2 0.572 0.996 0.615 0.572 no (0.75,1]
mt189 189 0.120757695343331 0.997201168460099 0.977900552486188 A G 0.087 0.932 0.989 2 0.752 0.969 0.657 0.752 no (0.75,1]
mt189 189 0.120757695343331 0.997201168460099 0.977900552486188 A C 0.018 0.835 0.996 0 -1 -1 -1 0.835 no (0.75,1]
mt198 198 0.00197316495659037 1 1 C T 0.002 1 1 2 0.626 0.983 0 0.626 no (0.75,1]
mt200 200 0.0422257300710339 0.547786440084683 0.969613259668508 A G 0.037 0.534 0.98 0 -1 -1 -1 0.534 no (0.5,0.75]
mt204 204 0.0347277032359905 1 1 T C 0.035 1 1 2 0.54 0.968 0.276 0.54 no (0.75,1]
mt207 207 0.0406471981057616 1 1 G A 0.041 1 1 2 0.562 0.971 0.29 0.562 no (0.75,1]
mt227 227 0.0015785319652723 1 1 A G 0.002 1 1 3 -1 -1 -1 1 no (0.75,1]
mt228 228 0.0146014206787687 1 0.999605367008682 G A 0.014 0.993 1 2 0.684 0.991 0.422 0.684 no (0.75,1]
mt235 235 0.058405682715075 0.952611922876982 0.994475138121547 A G 0.058 0.946 0.997 0 -1 -1 -1 0.946 no (0.75,1]
mt236 236 0.0205209155485399 0.871211113543641 0.994869771112865 T C 0.023 0.86 0.997 0 -1 -1 -1 0.86 no (0.75,1]
mt239 239 0.00749802683504341 0.560504733517749 0.994869771112865 T C 0.006 0.328 0.996 0 -1 -1 -1 0.328 no (0.25,0.5]
mt250 250 0.00315706393054459 1 1 T C 0.003 0.998 1 0 -1 -1 -1 0.998 no (0.75,1]
mt293 293 0.000394632991318074 1 1 T C 0 1 1 3 -1 -1 -1 1 no (0.75,1]
mt295 295 0.0197316495659037 1 1 C T 0.02 0.975 0.999 0 -1 -1 -1 0.975 no (0.75,1]
mt297 297 0.0134175217048145 0.471733697834956 0.989344909234412 A G 0.009 0.595 0.996 0 -1 -1 -1 0.595 no (0.5,0.75]
mt302 302 0.000394632991318074 -0.00142681497379598 0.994475138121547 A C 0.013 0.353 0.99 0 -1 -1 -1 0.353 no (0.25,0.5]
mt310 310 0.00513022888713496 1 1 T C 0.005 1 1 2 0.241 0.398 0.005 0.241 no (0.75,1]
mt316 316 0.0224940805051302 0.821056818154524 0.99171270718232 G A 0.026 0.868 0.996 0 -1 -1 -1 0.868 no (0.75,1]
mt456 456 0.0197316495659037 1 1 C T 0.02 1 1 2 0.781 0.993 0.695 0.781 no (0.75,1]
mt462 462 0.0177584846093133 1 1 C T 0.018 1 1 2 0.954 0.998 0.919 0.954 no (0.75,1]
mt477 477 0.00513022888713496 1 1 T C 0.005 1 1 2 0.261 0.995 0.83 0.261 no (0.75,1]
mt482 482 0.0173638516179953 0.648592132656681 0.988161010260458 T C 0.021 0.433 0.985 0 -1 -1 -1 0.433 no (0.25,0.5]
mt489 489 0.258089976322021 1 1 T C 0.258 1 1 2 0.973 0.993 0.971 0.973 no (0.75,1]
mt493 493 0.0177584846093133 0.391428632408267 0.985003946329913 A G 0.008 0.422 0.993 0 -1 -1 -1 0.422 no (0.25,0.5]
mt499 499 0.0564325177584846 0.31871664475548 0.948303078137332 G A 0.021 0.658 0.991 0 -1 -1 -1 0.658 no (0.5,0.75]
mt513 513 0.0114443567482242 0.405248758092756 0.990528808208366 G A 0.015 0.195 0.987 0 -1 -1 -1 0.195 no [0,0.25]
mt663 663 0.0560378847671665 1 1 A G 0.056 1 1 2 0.995 0.999 0.983 0.995 no (0.75,1]
mt719 719 0.00276243093922652 0.654136157843927 0.998421468034728 G A 0.001 0.731 0.999 0 -1 -1 -1 0.731 no (0.5,0.75]
mt769 769 0.163772691397001 1 1 G A 0.164 1 1 2 0.975 0.999 0.99 0.975 no (0.75,1]
mt825 825 0.0706393054459353 1 1 T A 0.07 0.997 1 0 -1 -1 -1 0.997 yes (0.75,1]
mt827 827 0.042620363062352 1 1 A G 0.043 1 1 3 -1 -1 -1 1 no (0.75,1]
mt930 930 0.0126282557221784 1 1 G A 0.013 1 1 2 0.708 0.996 0.735 0.708 no (0.75,1]
mt961 961 0.00670876085240726 0.121281837017721 0.992896606156275 T C 0.01 0.298 0.992 0 -1 -1 -1 0.298 no (0.25,0.5]
mt980 980 0.00828729281767956 0.368136828400047 0.991318074191002 T C 0.006 0.496 0.996 0 -1 -1 -1 0.496 no (0.25,0.5]
mt1018 1018 0.164956590370955 1 1 G A 0.165 1 1 2 0.998 0.999 0.991 0.998 yes (0.75,1]
mt1048 1048 0.0217048145224941 1 1 C T 0.022 1 1 2 0.971 1 0.969 0.971 no (0.75,1]
mt1189 1189 0.0114443567482242 1 1 T C 0.011 1 1 2 0.955 0.998 0.879 0.955 no (0.75,1]
mt1243 1243 0.00986582478295185 1 1 T C 0.01 1 1 2 0.973 1 0.998 0.973 no (0.75,1]
mt1438 1438 0.954617205998421 1 1 A G 0.955 1 1 2 0.908 0.993 0.887 0.908 yes (0.75,1]
mt1719 1719 0.0343330702446725 1 1 G A 0.034 1 1 2 0.606 0.978 0.454 0.606 yes (0.75,1]
mt1736 1736 0.0548539857932123 1 1 A G 0.055 1 1 2 0.995 0.999 0.985 0.995 yes (0.75,1]
mt1811 1811 0.0520915548539858 1 1 A G 0.052 1 1 2 0.892 0.992 0.873 0.892 no (0.75,1]
mt1888 1888 0.0552486187845304 1 1 G A 0.055 1 1 2 0.836 0.984 0.775 0.836 no (0.75,1]
mt2092 2092 0.00907655880031571 0.337801596713836 0.99171270718232 C T 0.005 0.329 0.995 0 -1 -1 -1 0.329 yes (0.25,0.5]
mt2158 2158 0.00394632991318074 1 1 T C 0.004 1 1 3 -1 -1 -1 1 no (0.75,1]
mt2352 2352 0.0749802683504341 1 1 T C 0.075 1 1 2 0.985 0.999 0.991 0.985 no (0.75,1]
mt2416 2416 0.0895816890292028 1 1 T C 0.09 1 1 2 0.99 0.998 0.981 0.99 no (0.75,1]
mt2483 2483 0.00434096290449882 1 1 T C 0.004 1 1 3 -1 -1 -1 1 no (0.75,1]
mt2758 2758 0.0655090765588003 1 1 G A 0.066 1 1 2 0.998 0.998 0.976 0.998 no (0.75,1]
mt2768 2768 0.0311760063141279 1 1 A G 0.031 1 1 3 -1 -1 -1 1 no (0.75,1]
mt2789 2789 0.0552486187845304 1 1 C T 0.055 1 1 2 0.993 0.999 0.987 0.993 no (0.75,1]
mt2885 2885 0.0678768745067088 1 1 T C 0.068 1 1 2 0.996 0.998 0.969 0.996 no (0.75,1]
mt3010 3010 0.112075769534333 1 1 G A 0.112 1 1 2 0.86 0.981 0.864 0.86 no (0.75,1]
mt3027 3027 0.00197316495659037 0.632080743537335 0.998816101026046 T C 0.004 0.222 0.996 0 -1 -1 -1 0.222 no [0,0.25]
mt3316 3316 0.0118389897395422 0.68095533786191 0.992501973164957 G A 0.014 0.343 0.989 0 -1 -1 -1 0.343 no (0.25,0.5]
mt3348 3348 0.00473559589581689 1 1 A G 0.005 1 1 3 -1 -1 -1 1 no (0.75,1]
mt3394 3394 0.00434096290449882 1 1 T C 0.004 1 1 2 0.481 0.998 0.61 0.481 no (0.75,1]
mt3438 3438 0.00276243093922652 1 1 G A 0.007 0.433 0.995 0 -1 -1 -1 0.433 no (0.25,0.5]
mt3480 3480 0.0138121546961326 1 1 A G 0.014 1 1 2 0.99 1 0.999 0.99 no (0.75,1]
mt3505 3505 0.0130228887134964 1 1 A G 0.013 1 1 2 0.907 0.997 0.868 0.907 yes (0.75,1]
mt3516 3516 0.0197316495659037 1 0.999210734017364 C A 0.018 1 1 0 -1 -1 -1 1 no (0.75,1]
mt3547 3547 0.0394632991318074 1 1 A G 0.039 1 1 3 -1 -1 -1 1 no (0.75,1]
mt3552 3552 0.0276243093922652 1 1 T A 0.028 0.991 1 0 -1 -1 -1 0.991 yes (0.75,1]
mt3594 3594 0.159037095501184 1 1 C T 0.159 1 1 2 1 1 1 1 yes (0.75,1]
mt3606 3606 0.00197316495659037 0.445797942181346 0.996842936069455 A G 0.004 0.484 0.998 0 -1 -1 -1 0.484 no (0.25,0.5]
mt3666 3666 0.0501183898973954 1 1 G A 0.05 1 1 2 0.978 0.998 0.976 0.978 no (0.75,1]
mt3693 3693 0.0359116022099447 0.95367905530622 0.996448303078137 G A 0.036 0.936 0.997 0 -1 -1 -1 0.936 no (0.75,1]
mt3705 3705 0.00236779794790845 0.706687589302347 0.998816101026046 G A 0.003 0.312 0.998 0 -1 -1 -1 0.312 no (0.25,0.5]
mt3720 3720 0.00315706393054459 1 1 A G 0.003 1 1 3 -1 -1 -1 1 no (0.75,1]
mt3741 3741 0.00670876085240726 0.969949839533732 0.999605367008682 C T 0.006 0.648 0.997 0 -1 -1 -1 0.648 no (0.5,0.75]
mt3915 3915 0.0114443567482242 1 1 G A 0.011 1 1 2 0.482 0.992 0.545 0.482 no (0.75,1]
mt3918 3918 0.0256511444356748 1 1 G A 0.026 1 1 2 0.742 0.99 0.631 0.742 no (0.75,1]
mt3970 3970 0.042620363062352 1 1 C T 0.043 1 1 2 0.886 0.997 0.958 0.886 no (0.75,1]
mt3992 3992 0.00394632991318074 1 1 C T 0.004 1 1 3 -1 -1 -1 1 no (0.75,1]
mt4024 4024 0.00394632991318074 1 1 A G 0.004 1 1 3 -1 -1 -1 1 no (0.75,1]
mt4048 4048 0.0272296764009471 0.945408481726404 0.996842936069455 G A 0.027 0.893 0.997 0 -1 -1 -1 0.893 no (0.75,1]
mt4071 4071 0.026835043409629 1 1 C T 0.027 0.966 0.999 0 -1 -1 -1 0.966 no (0.75,1]
mt4086 4086 0.015785319652723 0.80157224500692 0.992896606156275 C T 0.018 0.758 0.994 0 -1 -1 -1 0.758 no (0.75,1]
mt4104 4104 0.158247829518548 1 1 A G 0.158 1 1 2 0.997 0.999 0.993 0.997 no (0.75,1]
mt4164 4164 0.0236779794790845 0.965311733066699 0.998421468034728 A G 0.024 0.922 0.998 0 -1 -1 -1 0.922 no (0.75,1]
mt4216 4216 0.0548539857932123 1 1 T C 0.055 1 1 2 0.936 0.995 0.899 0.936 no (0.75,1]
mt4232 4232 0.010655090765588 0.66636842250566 0.994080505130229 T C 0.006 0.786 0.999 0 -1 -1 -1 0.786 no (0.75,1]
mt4248 4248 0.0568271507498027 1 1 T C 0.057 1 1 2 0.985 0.999 0.977 0.985 no (0.75,1]
mt4312 4312 0.0181531176006314 1 1 C T 0.018 0.999 1 0 -1 -1 -1 0.999 no (0.75,1]
mt4336 4336 0.00473559589581689 1 1 T C 0.005 1 1 3 -1 -1 -1 1 no (0.75,1]
mt4491 4491 0.00631412786108919 0.660258910015494 0.996448303078137 G A 0.006 0.448 0.996 0 -1 -1 -1 0.448 no (0.25,0.5]
mt4529 4529 0.00394632991318074 1 0.999605367008682 A T 0.003 0.985 1 0 -1 -1 -1 0.985 no (0.75,1]
mt4580 4580 0.0153906866614049 0.802641802308566 0.994475138121547 G A 0.016 0.524 0.991 0 -1 -1 -1 0.524 yes (0.5,0.75]
mt4586 4586 0.0189423835832676 0.967873554590072 0.998816101026046 T C 0.019 0.973 0.999 0 -1 -1 -1 0.973 no (0.75,1]
mt4639 4639 0.00236779794790845 1 1 T C 0.002 1 1 3 -1 -1 -1 1 no (0.75,1]
mt4646 4646 0.00710339384372534 0.816475839367664 0.995659037095501 T C 0.013 0.66 0.994 0 -1 -1 -1 0.66 no (0.5,0.75]
mt4715 4715 0.0398579321231255 0.908787211874495 0.993291239147593 A G 0.036 0.891 0.995 0 -1 -1 -1 0.891 no (0.75,1]
mt4769 4769 0.99171270718232 1 1 A G 0.992 1 1 2 0.829 0.999 0.838 0.829 yes (0.75,1]
mt4793 4793 0.00552486187845304 1 1 A G 0.006 1 1 3 -1 -1 -1 1 no (0.75,1]
mt4820 4820 0.0489344909234412 1 1 G A 0.049 1 1 3 -1 -1 -1 1 no (0.75,1]
mt4824 4824 0.0576164167324388 1 1 A G 0.058 1 1 2 0.963 1 0.985 0.963 no (0.75,1]
mt4833 4833 0.00749802683504341 0.9744856419679 0.999605367008682 A G 0.008 0.963 1 0 -1 -1 -1 0.963 no (0.75,1]
mt4850 4850 0.00473559589581689 1 1 C T 0.005 0.92 1 0 -1 -1 -1 0.92 no (0.75,1]
mt4883 4883 0.0501183898973954 1 1 C T 0.05 1 1 2 0.993 1 0.996 0.993 no (0.75,1]
mt4917 4917 0.0220994475138122 1 1 A G 0.022 1 1 2 0.875 0.999 0.974 0.875 yes (0.75,1]
mt4928 4928 0.000394632991318074 1 1 T C 0 1 1 3 -1 -1 -1 1 no (0.75,1]
mt4977 4977 0.0398579321231255 1 1 T C 0.04 1 1 3 -1 -1 -1 1 yes (0.75,1]
mt5004 5004 0.00394632991318074 1 1 T C 0.004 1 1 3 -1 -1 -1 1 no (0.75,1]
mt5046 5046 0.0457774269928966 1 1 G A 0.046 1 1 2 0.92 0.991 0.811 0.92 no (0.75,1]
mt5108 5108 0.0126282557221784 1 1 T C 0.013 1 1 2 0.74 0.996 0.72 0.74 no (0.75,1]
mt5147 5147 0.0445935280189424 1 1 G A 0.045 1 1 2 0.781 0.989 0.775 0.781 no (0.75,1]
mt5178 5178 0.0501183898973954 1 1 C A 0.05 1 1 2 0.999 1 1 0.999 yes (0.75,1]
mt5231 5231 0.0327545382794002 1 0.999210734017364 G A 0.032 0.994 1 2 0.922 0.996 0.895 0.922 no (0.75,1]
mt5263 5263 0.00355169692186267 1 1 C T 0.004 1 1 3 -1 -1 -1 1 no (0.75,1]
mt5301 5301 0.0185477505919495 0.853513460471571 0.993291239147593 A G 0.014 0.772 0.995 0 -1 -1 -1 0.772 no (0.75,1]
mt5351 5351 0.0248618784530387 0.958527935569391 0.99802683504341 A G 0.023 0.968 0.999 0 -1 -1 -1 0.968 no (0.75,1]
mt5360 5360 0.00670876085240726 1 0.999605367008682 C T 0.006 0.751 0.998 0 -1 -1 -1 0.751 no (0.75,1]
mt5390 5390 0.00315706393054459 1 1 A G 0.003 1 1 3 -1 -1 -1 1 no (0.75,1]
mt5417 5417 0.0153906866614049 0.89048567874726 0.996842936069455 G A 0.016 0.793 0.996 0 -1 -1 -1 0.793 no (0.75,1]
mt5426 5426 0.00513022888713496 1 1 T C 0.005 1 1 3 -1 -1 -1 1 no (0.75,1]
mt5442 5442 0.0256511444356748 1 1 T C 0.026 1 1 2 0.911 0.999 0.956 0.911 yes (0.75,1]
mt5460 5460 0.074585635359116 1 1 G A 0.075 1 1 2 0.878 0.979 0.775 0.878 no (0.75,1]
mt5465 5465 0.00552486187845304 1 1 T C 0.006 1 1 3 -1 -1 -1 1 no (0.75,1]
mt5471 5471 0.00513022888713496 0.494715001767433 0.996053670086819 G A 0.006 0.339 0.996 0 -1 -1 -1 0.339 no (0.25,0.5]
mt5495 5495 0.00276243093922652 1 1 T C 0.003 1 1 3 -1 -1 -1 1 no (0.75,1]
mt5580 5580 0.00670876085240726 1 1 T C 0.007 1 1 3 -1 -1 -1 1 no (0.75,1]
mt5585 5585 0.0102604577742699 0.493282125665338 0.992107340173639 G A 0.008 0.479 0.995 0 -1 -1 -1 0.479 no (0.25,0.5]
mt5601 5601 0.00986582478295185 0.979600699203751 0.999605367008682 C T 0.009 0.854 0.998 0 -1 -1 -1 0.854 no (0.75,1]
mt5656 5656 0.0122336227308603 0.934684829817123 0.998421468034728 A G 0.012 0.715 0.995 0 -1 -1 -1 0.715 no (0.5,0.75]
mt5773 5773 0.0351223362273086 1 1 G A 0.035 1 1 2 0.914 0.996 0.875 0.914 no (0.75,1]
mt5913 5913 0.00315706393054459 0.935229244416677 0.999605367008682 G A 0.003 0.844 0.999 0 -1 -1 -1 0.844 no (0.75,1]
mt5951 5951 0.0201262825572218 1 0.999605367008682 A G 0.02 0.995 1 2 0.977 0.998 0.921 0.977 no (0.75,1]
mt5999 5999 0.0102604577742699 0.766838424733162 0.995264404104183 T C 0.012 0.707 0.996 0 -1 -1 -1 0.707 no (0.5,0.75]
mt6026 6026 0.0110497237569061 1 1 G A 0.011 1 1 2 0.489 0.996 0.752 0.489 no (0.75,1]
mt6045 6045 0.00197316495659037 1 1 C T 0.002 1 1 3 -1 -1 -1 1 no (0.75,1]
mt6047 6047 0.00710339384372534 0.830726426682544 0.996842936069455 A G 0.011 0.732 0.996 0 -1 -1 -1 0.732 no (0.5,0.75]
mt6071 6071 0.0185477505919495 1 1 T C 0.019 1 1 2 0.96 0.999 0.955 0.96 no (0.75,1]
mt6152 6152 0.00513022888713496 1 1 T C 0.005 1 1 3 -1 -1 -1 1 no (0.75,1]
mt6185 6185 0.0193370165745856 0.968319960635144 0.998816101026046 T C 0.019 0.977 0.999 0 -1 -1 -1 0.977 no (0.75,1]
mt6221 6221 0.0560378847671665 1 0.994869771112865 T C 0.048 0.972 0.997 2 0.822 0.998 0.919 0.822 no (0.75,1]
mt6253 6253 0.0122336227308603 0.665528321866429 0.992501973164957 T C 0.012 0.619 0.995 0 -1 -1 -1 0.619 no (0.5,0.75]
mt6260 6260 0.0102604577742699 1 1 G A 0.01 1 1 2 0.624 0.996 0.735 0.624 no (0.75,1]
mt6266 6266 0.00118389897395422 0 0.998816101026046 A G 0 0.005 1 0 -1 -1 -1 0.005 no [0,0.25]
mt6365 6365 0.000789265982636148 1 1 T C 0.001 1 1 3 -1 -1 -1 1 no (0.75,1]
mt6371 6371 0.00434096290449882 1 1 C T 0.004 1 1 3 -1 -1 -1 1 yes (0.75,1]
mt6392 6392 0.0382794001578532 1 1 T C 0.038 1 1 2 0.944 0.998 0.962 0.944 no (0.75,1]
mt6455 6455 0.0299921073401736 1 1 C T 0.03 1 1 2 0.944 0.997 0.959 0.944 no (0.75,1]
mt6473 6473 0.0378847671665351 1 1 C T 0.038 1 1 3 -1 -1 -1 1 no (0.75,1]
mt6620 6620 0.0102604577742699 0.219564361969578 0.98973954222573 T C 0.012 0.241 0.988 0 -1 -1 -1 0.241 no [0,0.25]
mt6680 6680 0.0335438042620363 1 1 T C 0.034 1 1 2 0.922 0.998 0.933 0.922 no (0.75,1]
mt6719 6719 0.00315706393054459 1 1 T C 0.003 1 1 3 -1 -1 -1 1 no (0.75,1]
mt6734 6734 0.00197316495659037 1 1 G A 0.002 1 1 3 -1 -1 -1 1 no (0.75,1]
mt6776 6776 0.00868192580899763 0.217354341576495 0.99171270718232 T C 0.011 0.268 0.989 0 -1 -1 -1 0.268 no (0.25,0.5]
mt6815 6815 0.0015785319652723 0.499604743083004 0.998421468034728 T C 0.006 0.173 0.994 0 -1 -1 -1 0.173 no [0,0.25]
mt6962 6962 0.0299921073401736 0.965634693058086 0.99802683504341 G A 0.03 0.913 0.997 0 -1 -1 -1 0.913 no (0.75,1]
mt7028 7028 0.902131018153118 1 1 C T 0.902 1 1 2 0.975 0.999 0.992 0.975 yes (0.75,1]
mt7055 7055 0.047750591949487 1 0.999605367008682 A G 0.047 0.998 1 2 0.975 0.997 0.945 0.975 no (0.75,1]
mt7175 7175 0.0560378847671665 1 1 T C 0.056 1 1 2 0.942 1 0.975 0.942 no (0.75,1]
mt7196 7196 0.0367008681925809 1 0.998816101026046 C A 0.035 0.991 0.999 2 0.975 1 0.989 0.975 no (0.75,1]
mt7274 7274 0.0568271507498027 1 1 C T 0.057 1 1 2 0.997 1 0.993 0.997 no (0.75,1]
mt7337 7337 0.0138121546961326 0.61227895926991 0.990134175217048 G A 0.017 0.57 0.991 0 -1 -1 -1 0.57 no (0.5,0.75]
mt7389 7389 0.0501183898973954 1 1 T C 0.05 1 1 2 0.991 0.998 0.953 0.991 no (0.75,1]
mt7424 7424 0.0232833464877664 0.892892989785855 0.995264404104183 A G 0.023 0.868 0.996 0 -1 -1 -1 0.868 no (0.75,1]
mt7476 7476 0.00276243093922652 1 1 C T 0.003 0.989 1 0 -1 -1 -1 0.989 no (0.75,1]
mt7521 7521 0.15982636148382 1 1 G A 0.16 1 1 2 0.993 0.992 0.947 0.993 no (0.75,1]
mt7598 7598 0.00394632991318074 -0.00125065559352801 0.995659037095501 G A 0.008 0.136 0.992 0 -1 -1 -1 0.136 no [0,0.25]
mt7684 7684 0.0232833464877664 0.982507830516759 0.999210734017364 T C 0.023 0.985 1 0 -1 -1 -1 0.985 no (0.75,1]
mt7768 7768 0.0173638516179953 1 1 A G 0.017 1 1 2 1 1 1 1 no (0.75,1]
mt7771 7771 0.0560378847671665 1 1 A G 0.056 1 1 2 0.998 1 0.993 0.998 no (0.75,1]
mt7853 7853 0.0272296764009471 0.893107425040839 0.994475138121547 G A 0.032 0.809 0.993 0 -1 -1 -1 0.809 no (0.75,1]
mt7864 7864 0.0015785319652723 1 1 C T 0.002 1 1 3 -1 -1 -1 1 no (0.75,1]
mt8020 8020 0.0142067876874507 0.455073442001646 0.988555643251776 G A 0.011 0.43 0.992 0 -1 -1 -1 0.43 no (0.25,0.5]
mt8027 8027 0.0662983425414365 1 1 G A 0.066 1 1 2 0.981 0.998 0.969 0.981 no (0.75,1]
mt8137 8137 0.00670876085240726 1 1 C T 0.006 0.832 0.999 0 -1 -1 -1 0.832 no (0.75,1]
mt8152 8152 0.000394632991318074 0 0.999605367008682 G A 0.002 0.115 0.998 0 -1 -1 -1 0.115 no [0,0.25]
mt8206 8206 0.090370955011839 1 1 G A 0.09 1 1 2 0.99 0.997 0.971 0.99 no (0.75,1]
mt8251 8251 0.0240726124704025 1 1 G A 0.024 1 1 2 0.766 0.992 0.664 0.766 yes (0.75,1]
mt8269 8269 0.0110497237569061 1 1 G A 0.011 1 1 2 0.773 0.995 0.603 0.773 no (0.75,1]
mt8277 8277 0.00355169692186267 1 1 T C 0.004 1 1 3 -1 -1 -1 1 no (0.75,1]
mt8414 8414 0.0394632991318074 1 1 C T 0.039 1 1 2 0.996 1 1 0.996 yes (0.75,1]
mt8468 8468 0.0670876085240726 1 1 C T 0.067 1 1 2 1 1 0.994 1 yes (0.75,1]
mt8473 8473 0.010655090765588 0.815034925011077 0.996448303078137 T C 0.01 0.628 0.996 0 -1 -1 -1 0.628 no (0.5,0.75]
mt8557 8557 0.00631412786108919 1 1 G A 0.006 1 1 3 -1 -1 -1 1 no (0.75,1]
mt8584 8584 0.0603788476716654 1 1 G A 0.06 1 1 2 0.895 0.994 0.914 0.895 no (0.75,1]
mt8616 8616 0.000789265982636148 1 1 G T 0.001 1 1 3 -1 -1 -1 1 no (0.75,1]
mt8618 8618 0.0193370165745856 0.958378520490322 0.99802683504341 T C 0.021 0.88 0.997 0 -1 -1 -1 0.88 no (0.75,1]
mt8655 8655 0.0706393054459353 1 1 C T 0.071 0.999 1 0 -1 -1 -1 0.999 no (0.75,1]
mt8684 8684 0.010655090765588 0.981111108100737 0.999605367008682 C T 0.01 0.865 0.998 0 -1 -1 -1 0.865 no (0.75,1]
mt8697 8697 0.0252565114443567 1 1 G A 0.025 1 1 2 0.949 0.997 0.89 0.949 no (0.75,1]
mt8705 8705 0.00236779794790845 1 1 T C 0.002 1 1 3 -1 -1 -1 1 no (0.75,1]
mt8794 8794 0.0556432517758485 1 1 C T 0.056 0.996 1 0 -1 -1 -1 0.996 no (0.75,1]
mt8860 8860 0.997237569060773 0.314538102536261 0.996053670086819 A G 0.995 0.368 0.996 0 -1 -1 -1 0.368 no (0.25,0.5]
mt8994 8994 0.0142067876874507 1 1 G A 0.014 1 1 2 0.868 0.997 0.818 0.868 no (0.75,1]
mt9042 9042 0.0181531176006314 1 1 C T 0.018 0.996 1 0 -1 -1 -1 0.996 yes (0.75,1]
mt9053 9053 0.0260457774269929 1 1 G A 0.026 1 1 2 0.842 0.995 0.821 0.842 no (0.75,1]
mt9055 9055 0.0185477505919495 1 1 G A 0.019 1 1 2 0.892 0.994 0.731 0.892 yes (0.75,1]
mt9072 9072 0.0177584846093133 1 1 A G 0.018 1 1 2 0.999 1 1 0.999 no (0.75,1]
mt9090 9090 0.00315706393054459 1 1 T C 0.003 1 1 3 -1 -1 -1 1 no (0.75,1]
mt9093 9093 0.0015785319652723 1 1 A G 0.002 1 1 3 -1 -1 -1 1 no (0.75,1]
mt9123 9123 0.00868192580899763 1 1 G A 0.009 1 1 3 -1 -1 -1 1 no (0.75,1]
mt9180 9180 0.0118389897395422 0.533290136806769 0.991318074191002 A G 0.008 0.641 0.997 0 -1 -1 -1 0.641 no (0.5,0.75]
mt9221 9221 0.0880031570639305 1 0.999605367008682 A G 0.087 0.999 1 2 0.998 0.999 0.985 0.998 no (0.75,1]
mt9347 9347 0.0181531176006314 1 1 A G 0.018 1 1 0 -1 -1 -1 1 yes (0.75,1]
mt9377 9377 0.0114443567482242 1 1 A G 0.011 1 1 2 0.577 0.994 0.565 0.577 no (0.75,1]
mt9380 9380 0.00789265982636148 0.634572742550711 0.995264404104183 G A 0.006 0.582 0.997 0 -1 -1 -1 0.582 no (0.5,0.75]
mt9438 9438 0.00394632991318074 0 0.996053670086819 G A 0.002 0.082 0.998 0 -1 -1 -1 0.082 no [0,0.25]
mt9449 9449 0.0351223362273086 0.928847067026359 0.995264404104183 C T 0.037 0.897 0.996 0 -1 -1 -1 0.897 no (0.75,1]
mt9477 9477 0.0343330702446725 0.969848842112251 0.99802683504341 G A 0.033 0.969 0.999 0 -1 -1 -1 0.969 no (0.75,1]
mt9478 9478 0.000394632991318074 1 1 T C 0 1 1 3 -1 -1 -1 1 no (0.75,1]
mt9540 9540 0.509076558800316 1 1 T C 0.509 1 1 2 0.999 0.997 0.991 0.999 no (0.75,1]
mt9545 9545 0.0327545382794002 1 1 A G 0.033 1 1 2 0.946 0.996 0.88 0.946 no (0.75,1]
mt9548 9548 0.0153906866614049 0.831804504329555 0.995264404104183 G A 0.016 0.689 0.994 0 -1 -1 -1 0.689 no (0.5,0.75]
mt9554 9554 0.0134175217048145 0.873078821836662 0.996842936069455 G A 0.016 0.56 0.992 0 -1 -1 -1 0.56 no (0.5,0.75]
mt9612 9612 0.00197316495659037 1 1 G A 0.002 1 1 3 -1 -1 -1 1 no (0.75,1]
mt9667 9667 0.00315706393054459 1 1 A G 0.003 1 1 3 -1 -1 -1 1 no (0.75,1]
mt9698 9698 0.015785319652723 1 1 T C 0.016 1 1 2 0.987 0.999 0.923 0.987 no (0.75,1]
mt9716 9716 0.00434096290449882 1 1 T C 0.004 1 1 2 0.641 0.998 0.494 0.641 no (0.75,1]
mt9755 9755 0.0197316495659037 0.9369522496223 0.997632202052092 G A 0.02 0.885 0.997 0 -1 -1 -1 0.885 no (0.75,1]
mt9818 9818 0.0181531176006314 1 1 C T 0.018 0.995 1 0 -1 -1 -1 0.995 no (0.75,1]
mt9824 9824 0.0457774269928966 1 0.99171270718232 T C 0.03 0.962 0.999 0 -1 -1 -1 0.962 no (0.75,1]
mt9899 9899 0.00591949486977111 1 1 T C 0.006 1 1 2 0.741 0.997 0.687 0.741 no (0.75,1]
mt9947 9947 0.00749802683504341 1 1 G A 0.007 1 1 2 0.559 0.994 0.322 0.559 no (0.75,1]
mt9950 9950 0.0599842146803473 1 1 T C 0.06 1 1 2 0.842 0.962 0.432 0.842 yes (0.75,1]
mt10034 10034 0.00513022888713496 1 1 T C 0.005 1 1 2 0.816 0.998 0.715 0.816 no (0.75,1]
mt10044 10044 0.00434096290449882 1 1 A G 0.004 1 1 3 -1 -1 -1 1 no (0.75,1]
mt10086 10086 0.0303867403314917 1 1 A G 0.03 1 1 2 0.981 1 0.989 0.981 no (0.75,1]
mt10115 10115 0.0883977900552486 1 1 T C 0.088 1 1 2 0.999 1 1 0.999 yes (0.75,1]
mt10238 10238 0.00907655880031571 1 1 T C 0.009 1 1 2 0.685 0.996 0.703 0.685 no (0.75,1]
mt10310 10310 0.0410418310970797 1 0.999605367008682 G A 0.04 0.997 1 2 0.94 0.996 0.897 0.94 no (0.75,1]
mt10321 10321 0.0134175217048145 1 1 T C 0.013 1 1 2 0.93 0.999 0.926 0.93 no (0.75,1]
mt10373 10373 0.0295974743488556 0.923960462463519 0.995659037095501 G A 0.031 0.902 0.997 0 -1 -1 -1 0.902 no (0.75,1]
mt10398 10398 0.55130228887135 1 1 A G 0.551 1 1 2 0.961 0.978 0.917 0.961 yes (0.75,1]
mt10400 10400 0.237569060773481 1 1 C T 0.238 1 1 2 0.983 0.993 0.973 0.983 yes (0.75,1]
mt10463 10463 0.0236779794790845 1 1 T C 0.024 1 1 2 0.968 0.998 0.932 0.968 no (0.75,1]
mt10550 10550 0.0134175217048145 1 1 A G 0.013 1 1 2 0.989 1 0.997 0.989 yes (0.75,1]
mt10586 10586 0.0260457774269929 1 1 G A 0.026 1 1 2 0.934 0.997 0.884 0.934 no (0.75,1]
mt10589 10589 0.0201262825572218 1 1 G A 0.02 1 1 2 0.943 0.998 0.914 0.943 no (0.75,1]
mt10609 10609 0.0292028413575375 0.958239947264337 0.997632202052092 T C 0.031 0.922 0.997 0 -1 -1 -1 0.922 no (0.75,1]
mt10664 10664 0.0177584846093133 0.988872001762174 0.999605367008682 C T 0.018 0.999 1 0 -1 -1 -1 0.999 no (0.75,1]
mt10688 10688 0.0702446724546172 1 1 G A 0.07 1 1 2 0.99 0.999 0.993 0.99 no (0.75,1]
mt10810 10810 0.0718232044198895 1 0.999605367008682 T C 0.071 0.999 1 2 0.993 0.999 0.992 0.993 no (0.75,1]
mt10819 10819 0.0473559589581689 1 1 A G 0.047 1 1 2 0.978 0.999 0.987 0.978 no (0.75,1]
mt10876 10876 0.00236779794790845 1 1 A G 0.002 1 1 2 0.871 1 0.986 0.871 no (0.75,1]
mt10915 10915 0.0228887134964483 1 1 T C 0.023 1 1 2 0.836 0.994 0.79 0.836 no (0.75,1]
mt11002 11002 0.0284135753749013 0.88898687033231 0.993685872138911 A G 0.031 0.866 0.995 0 -1 -1 -1 0.866 no (0.75,1]
mt11017 11017 0.00434096290449882 1 1 T C 0.004 1 1 3 -1 -1 -1 1 no (0.75,1]
mt11176 11176 0.0197316495659037 1 1 G A 0.02 1 1 2 0.903 0.997 0.875 0.903 no (0.75,1]
mt11177 11177 0.0378847671665351 1 1 C T 0.038 1 1 3 -1 -1 -1 1 yes (0.75,1]
mt11251 11251 0.0418310970797159 1 1 A G 0.042 1 1 2 0.999 1 1 0.999 yes (0.75,1]
mt11299 11299 0.016179952644041 1 1 T C 0.016 1 1 2 0.949 0.996 0.804 0.949 no (0.75,1]
mt11332 11332 0.00710339384372534 0.830726426682544 0.996842936069455 C T 0.011 0.785 0.997 0 -1 -1 -1 0.785 no (0.75,1]
mt11377 11377 0.00710339384372534 1 1 G A 0.007 1 1 2 0.49 0.995 0.518 0.49 no (0.75,1]
mt11467 11467 0.0868192580899763 1 1 A G 0.087 1 1 2 0.998 1 1 0.998 no (0.75,1]
mt11470 11470 0.00118389897395422 1 1 A G 0.001 1 1 3 -1 -1 -1 1 no (0.75,1]
mt11485 11485 0.00552486187845304 1 1 T C 0.006 1 1 3 -1 -1 -1 1 no (0.75,1]
mt11665 11665 0.00473559589581689 1 1 C T 0.005 0.839 0.999 0 -1 -1 -1 0.839 no (0.75,1]
mt11674 11674 0.00986582478295185 1 1 C T 0.01 1 1 2 0.995 1 1 0.995 no (0.75,1]
mt11719 11719 0.883977900552486 1 1 G A 0.884 1 1 2 0.912 0.992 0.945 0.912 no (0.75,1]
mt11722 11722 0.00197316495659037 1 1 T C 0.002 1 1 3 -1 -1 -1 1 no (0.75,1]
mt11812 11812 0.0189423835832676 1 1 A G 0.019 1 1 2 0.975 0.999 0.931 0.975 no (0.75,1]
mt11899 11899 0.00473559589581689 1 1 T C 0.005 1 1 2 0.678 0.996 0.55 0.678 no (0.75,1]
mt11914 11914 0.127466456195738 1 1 G A 0.127 1 1 2 0.906 0.978 0.825 0.906 no (0.75,1]
mt11944 11944 0.0927387529597474 1 1 T C 0.093 1 1 2 0.96 0.997 0.969 0.96 no (0.75,1]
mt11947 11947 0.00986582478295185 1 1 A G 0.01 1 1 2 0.983 1 0.962 0.983 yes (0.75,1]
mt11969 11969 0.00355169692186267 1 1 G A 0.004 1 1 2 0.788 0.999 0.711 0.788 no (0.75,1]
mt12007 12007 0.107340173638516 1 1 G A 0.107 1 1 2 0.834 0.982 0.854 0.834 yes (0.75,1]
mt12091 12091 0.00473559589581689 1 1 T C 0.005 0.879 0.999 0 -1 -1 -1 0.879 no (0.75,1]
mt12308 12308 0.0860299921073402 1 1 A G 0.086 1 1 2 0.996 0.998 0.983 0.996 yes (0.75,1]
mt12358 12358 0.0169692186266772 0.874284461968338 0.996053670086819 A G 0.018 0.724 0.994 0 -1 -1 -1 0.724 no (0.5,0.75]
mt12405 12405 0.0220994475138122 0.990831303525065 0.999605367008682 C T 0.022 0.985 1 0 -1 -1 -1 0.985 no (0.75,1]
mt12406 12406 0.0335438042620363 0.857408667865787 0.990134175217048 G A 0.037 0.838 0.992 0 -1 -1 -1 0.838 no (0.75,1]
mt12414 12414 0.0134175217048145 1 1 T C 0.013 1 1 2 0.91 0.995 0.703 0.91 no (0.75,1]
mt12501 12501 0.010655090765588 1 1 G A 0.011 1 1 2 0.764 0.997 0.708 0.764 no (0.75,1]
mt12612 12612 0.0224940805051302 1 1 A G 0.022 1 1 2 0.973 0.998 0.912 0.973 no (0.75,1]
mt12618 12618 0.0169692186266772 1 1 G A 0.017 1 1 2 0.586 0.995 0.639 0.586 no (0.75,1]
mt12630 12630 0.00591949486977111 1 1 G A 0.006 1 1 3 -1 -1 -1 1 no (0.75,1]
mt12633 12633 0.0118389897395422 1 0.996448303078137 C A 0.007 0.863 0.998 2 0.993 1 0.916 0.993 no (0.75,1]
mt12669 12669 0.00118389897395422 1 1 C T 0.001 1 1 3 -1 -1 -1 1 no (0.75,1]
mt12693 12693 0.0552486187845304 1 1 A G 0.055 1 1 2 0.995 0.998 0.97 0.995 no (0.75,1]
mt12705 12705 0.597474348855564 1 1 C T 0.597 1 1 2 0.989 0.996 0.99 0.989 yes (0.75,1]
mt12720 12720 0.0185477505919495 0.989105670128961 0.999605367008682 A G 0.019 0.943 0.999 0 -1 -1 -1 0.943 no (0.75,1]
mt12771 12771 0.0169692186266772 0.588488748255222 0.988161010260458 G A 0.012 0.531 0.992 0 -1 -1 -1 0.531 no (0.5,0.75]
mt12810 12810 0.0240726124704025 1 1 A G 0.024 1 1 2 0.91 0.998 0.908 0.91 no (0.75,1]
mt12811 12811 0.0232833464877664 0.964727541567911 0.998421468034728 T C 0.023 0.941 0.998 0 -1 -1 -1 0.941 no (0.75,1]
mt12850 12850 0.000789265982636148 1 1 A G 0.001 1 1 3 -1 -1 -1 1 no (0.75,1]
mt12882 12882 0.0303867403314917 0.952418464210061 0.996842936069455 C T 0.03 0.922 0.997 0 -1 -1 -1 0.922 no (0.75,1]
mt13020 13020 0.00513022888713496 1 0.999605367008682 T C 0.005 0.978 1 2 0.653 0.997 0.325 0.653 no (0.75,1]
mt13105 13105 0.136937647987372 1 1 A G 0.137 1 1 2 0.907 0.981 0.881 0.907 no (0.75,1]
mt13254 13254 0.00276243093922652 0.935229244416677 0.999605367008682 T C 0.003 0.917 1 0 -1 -1 -1 0.917 no (0.75,1]
mt13263 13263 0.0303867403314917 1 1 A G 0.03 1 1 2 0.966 1 0.983 0.966 yes (0.75,1]
mt13276 13276 0.0181531176006314 1 1 A G 0.018 0.968 0.999 0 -1 -1 -1 0.968 no (0.75,1]
mt13368 13368 0.026440410418311 1 1 G A 0.026 1 1 2 0.9 0.991 0.734 0.9 yes (0.75,1]
mt13485 13485 0.0177584846093133 1 1 A G 0.018 1 1 2 0.992 1 0.997 0.992 no (0.75,1]
mt13500 13500 0.0130228887134964 1 1 T C 0.013 1 1 2 0.818 0.994 0.714 0.818 no (0.75,1]
mt13506 13506 0.0702446724546172 1 1 C T 0.07 1 1 2 0.995 0.999 0.99 0.995 yes (0.75,1]
mt13590 13590 0.135753749013418 1 1 G A 0.136 1 1 2 0.899 0.981 0.869 0.899 no (0.75,1]
mt13617 13617 0.0331491712707182 1 1 T C 0.033 1 1 2 0.992 0.999 0.975 0.992 no (0.75,1]
mt13708 13708 0.05327545382794 1 1 G A 0.053 1 1 2 0.808 0.98 0.65 0.808 yes (0.75,1]
mt13734 13734 0.00276243093922652 1 1 T C 0.003 1 1 3 -1 -1 -1 1 no (0.75,1]
mt13759 13759 0.026440410418311 0.897306663617469 0.994869771112865 G A 0.027 0.858 0.996 0 -1 -1 -1 0.858 no (0.75,1]
mt13780 13780 0.00394632991318074 1 1 A G 0.004 1 1 2 0.935 1 0.926 0.935 no (0.75,1]
mt13789 13789 0.0485398579321231 1 1 T C 0.049 1 1 2 0.996 1 0.999 0.996 yes (0.75,1]
mt13803 13803 0.0556432517758485 1 1 A G 0.056 1 1 2 0.998 1 1 0.998 no (0.75,1]
mt13879 13879 0.010655090765588 1 0.999210734017364 T C 0.009 0.978 1 3 -1 -1 -1 0.978 no (0.75,1]
mt13886 13886 0.0205209155485399 0.989329386915647 0.998816101026046 T C 0.019 0.953 0.999 0 -1 -1 -1 0.953 no (0.75,1]
mt13914 13914 0.031965272296764 0.968045410579492 0.997237569060773 C A 0.033 0.967 0.998 0 -1 -1 -1 0.967 no (0.75,1]
mt13928 13928 0.0674822415153907 0.931736372184376 0.990134175217048 G C 0.069 0.863 0.989 0 -1 -1 -1 0.863 no (0.75,1]
mt13966 13966 0.0146014206787687 1 1 A G 0.015 1 1 2 0.681 0.989 0.41 0.681 no (0.75,1]
mt14000 14000 0.0220994475138122 0.894438420680212 0.995659037095501 T A 0.019 0.953 0.999 0 -1 -1 -1 0.953 no (0.75,1]
mt14016 14016 0.00552486187845304 1 1 G A 0.006 1 1 3 -1 -1 -1 1 no (0.75,1]
mt14110 14110 0.00868192580899763 0.449695313759626 0.992896606156275 T C 0.008 0.426 0.995 0 -1 -1 -1 0.426 no (0.25,0.5]
mt14152 14152 0.0110497237569061 0.90542416092722 0.99802683504341 A G 0.009 0.979 1 0 -1 -1 -1 0.979 no (0.75,1]
mt14167 14167 0.0138121546961326 1 1 C T 0.014 1 1 2 0.998 1 1 0.998 no (0.75,1]
mt14178 14178 0.0524861878453039 1 1 T C 0.052 1 1 2 0.972 0.997 0.939 0.972 yes (0.75,1]
mt14182 14182 0.0201262825572218 1 1 T C 0.02 1 1 2 0.901 0.997 0.848 0.901 no (0.75,1]
mt14212 14212 0.0457774269928966 1 1 T C 0.046 1 1 2 0.978 0.998 0.964 0.978 no (0.75,1]
mt14233 14233 0.0189423835832676 1 1 A G 0.019 1 1 2 0.962 0.999 0.961 0.962 no (0.75,1]
mt14284 14284 0.0189423835832676 0.989329547060689 0.999605367008682 C T 0.019 0.948 0.999 0 -1 -1 -1 0.948 no (0.75,1]
mt14308 14308 0.0197316495659037 1 1 T C 0.02 1 1 2 0.956 0.998 0.933 0.956 no (0.75,1]
mt14318 14318 0.0276243093922652 1 1 T C 0.028 1 1 2 1 1 1 1 yes (0.75,1]
mt14365 14365 0.00276243093922652 1 1 C T 0.003 1 1 3 -1 -1 -1 1 no (0.75,1]
mt14470 14470 0.0146014206787687 1 0.999210734017364 T C 0.013 0.985 1 2 0.731 0.995 0.642 0.731 yes (0.75,1]
mt14560 14560 0.0552486187845304 1 0.999605367008682 G A 0.055 0.998 1 2 0.942 0.994 0.891 0.942 yes (0.75,1]
mt14566 14566 0.0556432517758485 1 0.999605367008682 A G 0.055 0.998 1 2 0.989 0.998 0.978 0.989 no (0.75,1]
mt14569 14569 0.0205209155485399 1 1 G A 0.021 1 1 2 0.696 0.993 0.753 0.696 no (0.75,1]
mt14577 14577 0.000394632991318074 -0.000394788787998421 0.999210734017364 T C 0.001 0.324 0.999 0 -1 -1 -1 0.324 no (0.25,0.5]
mt14582 14582 0.00315706393054459 1 1 A G 0.003 1 1 3 -1 -1 -1 1 no (0.75,1]
mt14620 14620 0.00868192580899763 0.763519621821949 0.994869771112865 C T 0.012 0.811 0.997 0 -1 -1 -1 0.811 no (0.75,1]
mt14668 14668 0.0422257300710339 1 1 C T 0.042 1 1 2 0.936 0.996 0.905 0.936 yes (0.75,1]
mt14687 14687 0.00710339384372534 1 1 A G 0.007 1 1 3 -1 -1 -1 1 no (0.75,1]
mt14769 14769 0.0378847671665351 1 1 A G 0.038 1 1 2 0.972 0.998 0.952 0.972 no (0.75,1]
mt14783 14783 0.238358326756117 1 1 T C 0.238 1 1 2 0.989 0.999 0.995 0.989 no (0.75,1]
mt14793 14793 0.016179952644041 1 1 A G 0.016 1 1 2 0.976 0.999 0.944 0.976 no (0.75,1]
mt14798 14798 0.026835043409629 1 1 T C 0.027 1 1 2 0.971 0.997 0.895 0.971 no (0.75,1]
mt14905 14905 0.0524861878453039 1 1 G A 0.052 1 1 2 0.958 0.997 0.939 0.958 no (0.75,1]
mt14911 14911 0.0173638516179953 1 1 C T 0.017 1 1 2 0.991 1 0.986 0.991 no (0.75,1]
mt15043 15043 0.246645619573796 1 1 G A 0.247 1 1 2 0.972 0.993 0.962 0.972 yes (0.75,1]
mt15110 15110 0.0323599052880821 1 1 G A 0.032 1 1 2 0.885 0.994 0.836 0.885 no (0.75,1]
mt15115 15115 0.0386740331491713 0.876778138730554 0.991318074191002 T C 0.033 0.954 0.998 0 -1 -1 -1 0.954 no (0.75,1]
mt15204 15204 0.00394632991318074 1 1 T C 0.004 1 1 2 0.825 0.997 0.387 0.825 no (0.75,1]
mt15217 15217 0.0327545382794002 0.942540460040747 0.996448303078137 G A 0.032 0.925 0.997 0 -1 -1 -1 0.925 no (0.75,1]
mt15218 15218 0.0130228887134964 1 1 A G 0.013 1 1 2 0.681 0.997 0.718 0.681 no (0.75,1]
mt15236 15236 0.00591949486977111 0.594155733118968 0.995659037095501 A G 0.007 0.553 0.996 0 -1 -1 -1 0.553 no (0.5,0.75]
mt15244 15244 0.021310181531176 1 1 A G 0.021 1 1 2 0.67 0.991 0.567 0.67 no (0.75,1]
mt15257 15257 0.00355169692186267 1 1 G A 0.004 1 1 2 0.911 0.999 0.784 0.911 no (0.75,1]
mt15301 15301 0.440410418310971 1 1 G A 0.44 1 1 2 0.985 0.995 0.988 0.985 no (0.75,1]
mt15326 15326 0.994869771112865 0.552831582101437 0.996053670086819 A G 0.991 0.363 0.993 0 -1 -1 -1 0.363 yes (0.25,0.5]
mt15431 15431 0.031965272296764 0.796505445816045 0.988555643251776 G A 0.028 0.796 0.992 0 -1 -1 -1 0.796 no (0.75,1]
mt15452 15452 0.0418310970797159 1 1 C A 0.042 1 1 2 1 1 1 1 yes (0.75,1]
mt15466 15466 0.00118389897395422 0.287705474672992 0.99802683504341 G A 0.002 0.38 0.998 0 -1 -1 -1 0.38 no (0.25,0.5]
mt15487 15487 0.0390686661404893 0.988034234516213 0.996842936069455 A T 0.034 0.988 0.999 0 -1 -1 -1 0.988 no (0.75,1]
mt15535 15535 0.0430149960536701 1 1 C T 0.043 1 1 3 -1 -1 -1 1 yes (0.75,1]
mt15607 15607 0.0232833464877664 1 1 A G 0.023 1 1 2 0.855 0.994 0.829 0.855 no (0.75,1]
mt15670 15670 0.0220994475138122 1 1 T C 0.022 1 1 2 0.85 0.993 0.742 0.85 no (0.75,1]
mt15693 15693 0.00749802683504341 0.792979696852358 0.996053670086819 T C 0.011 0.824 0.998 0 -1 -1 -1 0.824 no (0.75,1]
mt15758 15758 0.00749802683504341 1 1 A G 0.007 1 1 3 -1 -1 -1 1 no (0.75,1]
mt15784 15784 0.0674822415153907 1 1 T C 0.067 1 1 2 0.951 0.992 0.89 0.951 no (0.75,1]
mt15833 15833 0.00197316495659037 1 1 C T 0.002 1 1 3 -1 -1 -1 1 no (0.75,1]
mt15884 15884 0.0284135753749013 -0.00196157414270803 0.980662983425414 G C 0.01 0.991 1 0 -1 -1 -1 0.991 no (0.75,1]
mt15904 15904 0.00670876085240726 1 1 C T 0.007 1 1 2 0.813 0.997 0.728 0.813 no (0.75,1]
mt15907 15907 0.00197316495659037 1 1 A G 0.002 1 1 3 -1 -1 -1 1 no (0.75,1]
mt15924 15924 0.026440410418311 1 1 A G 0.026 1 1 2 0.477 0.978 0.255 0.477 no (0.75,1]
mt15928 15928 0.0288082083662194 1 0.999605367008682 G A 0.028 0.996 1 2 0.937 0.996 0.859 0.937 no (0.75,1]
mt15930 15930 0.0149960536700868 1 0.999605367008682 G A 0.014 0.993 1 2 0.769 0.988 0.358 0.769 no (0.75,1]
mt15932 15932 0.000789265982636148 1 1 T C 0.001 1 1 3 -1 -1 -1 1 no (0.75,1]
mt15941 15941 0.00276243093922652 0 0.997237569060773 T C 0.001 0.088 0.999 0 -1 -1 -1 0.088 no [0,0.25]
mt15942 15942 0.00907655880031571 0.978750059656624 0.999605367008682 T C 0.01 0.918 0.999 0 -1 -1 -1 0.918 no (0.75,1]
mt16051 16051 0.0374901341752171 0.545945758476863 0.971981057616417 A G 0.03 0.475 0.981 0 -1 -1 -1 0.475 no (0.25,0.5]
mt16069 16069 0.0217048145224941 1 1 C T 0.022 1 1 2 0.955 0.998 0.922 0.955 no (0.75,1]
mt16086 16086 0.0205209155485399 0.327099796510526 0.977111286503552 T C 0.025 0.448 0.983 0 -1 -1 -1 0.448 no (0.25,0.5]
mt16092 16092 0.021310181531176 0.220676668158335 0.976322020520916 T C 0.014 0.296 0.988 0 -1 -1 -1 0.296 no (0.25,0.5]
mt16093 16093 0.0588003157063931 1 0.998816101026046 T C 0.057 0.994 0.999 2 0.374 0.93 0.128 0.374 no (0.75,1]
mt16111 16111 0.0678768745067088 0.788032318095701 0.973164956590371 C T 0.055 0.771 0.986 0 -1 -1 -1 0.771 yes (0.75,1]
mt16124 16124 0.047750591949487 0.774169951052214 0.981057616416732 T C 0.037 0.758 0.988 0 -1 -1 -1 0.758 no (0.75,1]
mt16126 16126 0.0966850828729282 0.87109518353642 0.97750591949487 T C 0.097 0.863 0.984 0 -1 -1 -1 0.863 no (0.75,1]
mt16129 16129 0.157458563535912 1 0.99802683504341 G A 0.154 0.996 0.999 2 0.732 0.947 0.673 0.732 no (0.75,1]
mt16147 16147 0.00513022888713496 1 1 C T 0.005 1 1 3 -1 -1 -1 1 no (0.75,1]
mt16148 16148 0.0307813733228098 0.779977838913522 0.988161010260458 C T 0.028 0.716 0.991 0 -1 -1 -1 0.716 no (0.5,0.75]
mt16162 16162 0.015785319652723 1 1 A G 0.016 1 1 2 0.738 0.989 0.554 0.738 no (0.75,1]
mt16163 16163 0.00670876085240726 1 1 A G 0.007 1 1 2 0.857 0.999 0.838 0.857 no (0.75,1]
mt16168 16168 0.0153906866614049 0.847868357673924 0.994869771112865 C T 0.019 0.804 0.996 0 -1 -1 -1 0.804 no (0.75,1]
mt16171 16171 0.000394632991318074 1 1 A G 0 1 1 3 -1 -1 -1 1 no (0.75,1]
mt16184 16184 0.0122336227308603 1 1 C T 0.012 1 1 3 -1 -1 -1 1 no (0.75,1]
mt16185 16185 0.0130228887134964 1 1 C T 0.013 1 1 2 0.824 0.995 0.6 0.824 no (0.75,1]
mt16186 16186 0.00513022888713496 1 1 C T 0.005 1 1 2 0.693 0.991 0.179 0.693 no (0.75,1]
mt16189 16189 0.138121546961326 0.341735296261584 0.801894238358327 T C 0.249 0.668 0.919 0 -1 -1 -1 0.668 yes (0.5,0.75]
mt16193 16193 0.00947119179163378 0.575518860073537 0.993685872138911 C T 0.006 0.51 0.996 0 -1 -1 -1 0.51 no (0.5,0.75]
mt16209 16209 0.0303867403314917 1 1 T C 0.03 1 1 2 0.673 0.98 0.441 0.673 no (0.75,1]
mt16224 16224 0.0142067876874507 1 1 T C 0.014 1 1 2 0.849 0.994 0.726 0.849 no (0.75,1]
mt16230 16230 0.0209155485398579 0.920120537902596 0.996842936069455 A G 0.019 0.954 0.999 0 -1 -1 -1 0.954 no (0.75,1]
mt16239 16239 0.0299921073401736 0.684731822235259 0.984214680347277 C T 0.021 0.74 0.993 0 -1 -1 -1 0.74 no (0.5,0.75]
mt16249 16249 0.0177584846093133 0.400170770225474 0.985003946329913 T C 0.011 0.367 0.992 0 -1 -1 -1 0.367 no (0.25,0.5]
mt16256 16256 0.0410418310970797 1 0.996053670086819 C T 0.035 0.971 0.998 2 0.695 0.981 0.433 0.695 no (0.75,1]
mt16261 16261 0.0414364640883978 1 1 C T 0.041 1 1 2 0.652 0.975 0.444 0.652 no (0.75,1]
mt16263 16263 0.00670876085240726 0.395994886444663 0.99171270718232 T C 0.01 0.734 0.997 0 -1 -1 -1 0.734 no (0.5,0.75]
mt16266 16266 0.0461720599842147 0.498865767309486 0.970402525651144 C T 0.018 0.472 0.988 0 -1 -1 -1 0.472 no (0.25,0.5]
mt16274 16274 0.0303867403314917 0.28615674318506 0.970797158642463 G A 0.019 0.349 0.985 0 -1 -1 -1 0.349 no (0.25,0.5]
mt16275 16275 0.0015785319652723 1 1 A G 0.002 1 1 3 -1 -1 -1 1 no (0.75,1]
mt16278 16278 0.208366219415943 1 1 C T 0.208 1 1 2 0.922 0.972 0.873 0.922 no (0.75,1]
mt16295 16295 0.0134175217048145 0.48265025896106 0.989344909234412 C T 0.013 0.502 0.992 0 -1 -1 -1 0.502 no (0.5,0.75]
mt16296 16296 0.000394632991318074 1 1 C T 0 1 1 2 0.87 0.989 0.037 0.87 no (0.75,1]
mt16309 16309 0.0572217837411208 0.830968487161441 0.981452249408051 A G 0.06 0.828 0.987 0 -1 -1 -1 0.828 no (0.75,1]
mt16320 16320 0.047750591949487 1 1 C T 0.048 1 1 2 0.848 0.989 0.779 0.848 no (0.75,1]
mt16325 16325 0.0497237569060773 0.530500820175216 0.964088397790055 T C 0.039 0.615 0.98 0 -1 -1 -1 0.615 no (0.5,0.75]
mt16327 16327 0.0406471981057616 1 0.998816101026046 C T 0.039 0.992 0.999 2 0.914 0.993 0.861 0.914 no (0.75,1]
mt16343 16343 0.00236779794790845 0.306834859907528 0.995659037095501 A G 0.005 0.507 0.997 0 -1 -1 -1 0.507 no (0.5,0.75]
mt16356 16356 0.021310181531176 0.548836732058538 0.979084451460142 T C 0.027 0.539 0.984 0 -1 -1 -1 0.539 no (0.5,0.75]
mt16357 16357 0.00789265982636148 0.333281204709151 0.990528808208366 T C 0.009 0.41 0.994 0 -1 -1 -1 0.41 no (0.25,0.5]
mt16360 16360 0.0197316495659037 0.901904312616992 0.995659037095501 C T 0.019 0.897 0.998 0 -1 -1 -1 0.897 no (0.75,1]
mt16362 16362 0.213496448303078 1 1 T C 0.213 1 1 2 0.801 0.939 0.717 0.801 no (0.75,1]
mt16390 16390 0.109707971586425 1 0.999605367008682 G A 0.109 0.999 1 2 0.906 0.975 0.787 0.906 no (0.75,1]
mt16391 16391 0.00591949486977111 1 1 G A 0.006 1 1 2 0.755 0.998 0.684 0.755 yes (0.75,1]
mt16519 16519 0.623520126282557 1 0.999605367008682 T C 0.623 1 1 2 0.695 0.874 0.589 0.695 no (0.75,1]
mt16526 16526 0.010655090765588 0.769266807808185 0.995264404104183 G A 0.01 0.652 0.996 0 -1 -1 -1 0.652 no (0.5,0.75]
mt16527 16527 0.0189423835832676 0.535072448064674 0.984214680347277 C T 0.019 0.597 0.991 0 -1 -1 -1 0.597 no (0.5,0.75]
